4.17794 2.96938 2.32799 1.92557 1.68993 1.50117 1.41732 1.35528 1.31943 1.27348
2.96938 4.17794 2.96939 2.32799 1.92557 1.68994 1.50118 1.41732 1.35528 1.31943
2.32799 2.96939 4.17794 2.96939 2.32799 1.92557 1.68993 1.50118 1.41732 1.35528
1.92557 2.32799 2.96939 4.17824 2.97064 2.32799 1.92512 1.68947 1.50081 1.41706
1.68993 1.92557 2.32799 2.97064 4.18417 2.96939 2.32576 1.92323 1.68807 1.49978
1.50117 1.68994 1.92557 2.32799 2.96939 4.17794 2.96938 2.32799 1.92557 1.68993
1.41732 1.50118 1.68993 1.92512 2.32576 2.96938 4.17878 2.97025 2.32868 1.92608
1.35528 1.41732 1.50118 1.68947 1.92323 2.32799 2.97025 4.17887 2.97012 2.32853
1.31943 1.35528 1.41732 1.50081 1.68807 1.92557 2.32868 2.97012 4.17855 2.96983
1.27348 1.31943 1.35528 1.41706 1.49978 1.68993 1.92608 2.32853 2.96983  4.1783

4.17794 2.96938 2.32799 1.92557 1.68993 1.50117 1.41732 1.35528 1.31943 1.27348
2.96938 4.17794 2.96939 2.32799 1.92557 1.68994 1.50118 1.41732 1.35528 1.31943
2.32799 2.96939 4.17794 2.96939 2.32799 1.92557 1.68993 1.50118 1.41732 1.35528
1.92557 2.32799 2.96939 4.17845 2.97149 2.32799 1.92482 1.68915 1.50056 1.41687
1.68993 1.92557 2.32799 2.97149 4.18844 2.96939 2.32423 1.92163  1.6868 1.49883
1.50117 1.68994 1.92557 2.32799 2.96939 4.17794 2.96938 2.32799 1.92557 1.68993
1.41732 1.50118 1.68993 1.92482 2.32423 2.96938 4.17936 2.97084 2.32915 1.92643
1.35528 1.41732 1.50118 1.68915 1.92163 2.32799 2.97084  4.1795 2.97062 2.32891
1.31943 1.35528 1.41732 1.50056  1.6868 1.92557 2.32915 2.97062 4.17896 2.97014
1.27348 1.31943 1.35528 1.41687 1.49883 1.68993 1.92643 2.32891 2.97014 4.17855

4.11686 2.92601 2.29394 1.89739  1.6652 1.47921 1.39659 1.33546 1.30014 1.25485
2.92601 4.11709 2.92596 2.29385 1.89732 1.66515 1.47917 1.39657 1.33544 1.30012
2.29394 2.92596 4.11684 2.92596 2.29395 1.89741 1.66522 1.47922  1.3966 1.33546
1.89739 2.29385 2.92596 4.11696 2.92635 2.29397 1.89731  1.6651 1.47913 1.39653
1.6652 1.89732 2.29395 2.92635 4.11865 2.92604 2.29334 1.89675 1.66469 1.47882
1.47921 1.66515 1.89741 2.29397 2.92604  4.1171 2.92603 2.29387 1.89732 1.66514
1.39659 1.47917 1.66522 1.89731 2.29334 2.92603 4.11735 2.92622 2.29405 1.89746
1.33546 1.39657 1.47922  1.6651 1.89675 2.29387 2.92622 4.11717  2.9262 2.29412
1.30014 1.33544  1.3966 1.47913 1.66469 1.89732 2.29405  2.9262 4.11709 2.92615
1.25485 1.30012 1.33546 1.39653 1.47882 1.66514 1.89746 2.29412 2.92615 4.11701

4.11687   2.926 2.29394 1.89739  1.6652 1.47921 1.39659 1.33546 1.30014 1.25485
2.926 4.11704 2.92596 2.29387 1.89734 1.66516 1.47918 1.39657 1.33545 1.30013
2.29394 2.92596 4.11684 2.92597 2.29395 1.89741 1.66522 1.47922  1.3966 1.33546
1.89739 2.29387 2.92597 4.11708 2.92685 2.29397 1.89712 1.66491 1.47898 1.39642
1.6652 1.89734 2.29395 2.92685 4.12113   2.926 2.29244 1.89582 1.66395 1.47827
1.47921 1.66516 1.89741 2.29397   2.926 4.11692 2.92605 2.29394 1.89737 1.66519
1.39659 1.47918 1.66522 1.89712 2.29244 2.92605 4.11777 2.92657  2.2943 1.89764
1.33546 1.39657 1.47922 1.66491 1.89582 2.29394 2.92657 4.11751 2.92647 2.29432
1.30014 1.33545  1.3966 1.47898 1.66395 1.89737  2.2943 2.92647 4.11732 2.92632
1.25485 1.30013 1.33546 1.39642 1.47827 1.66519 1.89764 2.29432 2.92632 4.11715

4.2436 3.01606 2.36458 1.95583 1.71649 1.52477  1.4396 1.37658 1.34017 1.29349
3.01606 4.24362  3.0161 2.36457 1.95581 1.71648 1.52475 1.43959 1.37658 1.34017
2.36458  3.0161 4.24381 3.01605  2.3645 1.95575 1.71643 1.52472 1.43957 1.37656
1.95583 2.36457 3.01605 4.24414 3.01827 2.36458 1.95504 1.71567 1.52412 1.43913
1.71649 1.95581  2.3645 3.01827 4.25467 3.01609 2.36065  1.9517  1.7132 1.52231
1.52477 1.71648 1.95575 2.36458 3.01609 4.24368 3.01608 2.36458 1.95582 1.71649
1.4396 1.52475 1.71643 1.95504 2.36065 3.01608 4.24511  3.0176  2.3658 1.95675
1.37658 1.43959 1.52472 1.71567  1.9517 2.36458  3.0176 4.24527 3.01736 2.36555
1.34017 1.37658 1.43957 1.52412  1.7132 1.95582  2.3658 3.01736 4.24469 3.01686
1.29349 1.34017 1.37656 1.43913 1.52231 1.71649 1.95675 2.36555 3.01686 4.24425

3.93229  2.7948 2.19111 1.81235 1.59057 1.41291 1.33399  1.2756 1.24186  1.1986
2.7948  3.9323  2.7948 2.19111 1.81235 1.59057 1.41291 1.33399 1.27559 1.24186
2.19111  2.7948 3.93231  2.7948 2.19111 1.81235 1.59057 1.41291 1.33399 1.27559
1.81235 2.19111  2.7948 3.93237 2.79514 2.19111 1.81223 1.59045 1.41281 1.33392
1.59057 1.81235 2.19111 2.79514 3.93398  2.7948 2.19051 1.81172 1.59007 1.41254
1.41291 1.59057 1.81235 2.19111  2.7948 3.93229  2.7948 2.19111 1.81235 1.59057
1.33399 1.41291 1.59057 1.81223 2.19051  2.7948 3.93252 2.79503  2.1913 1.81249
1.2756 1.33399 1.41291 1.59045 1.81172 2.19111 2.79503 3.93254 2.79499 2.19126
1.24186 1.27559 1.33399 1.41281 1.59007 1.81235  2.1913 2.79499 3.93245 2.79492
1.1986 1.24186 1.27559 1.33392 1.41254 1.59057 1.81249 2.19126 2.79492 3.93239
